744.06
777.59
785.57
736.07
700.44
683.53
734.12
764.58
760.68
755.61
794.09
838.92
868.5
878.83
904.37
941.75
907.81
891.14
858.43
898.07
887.19
839
831.34
890.2
902.17
928.13
940.7
954.17
960.72
929.03
924.74
963.73
953.27
955.52
1018.21
1020.02
999.02
955.07
951.01
921.43
901.41
891.71
926.4
887.57
947.1
956.58
822.25
850.86
855.55
860.53
846.68
836.75
802.17
802.41
757.43
678.58
607.87
665.52
618.66
616.24
703.69
739.05
768.15
821.34
832.29
878.99
831.51
835.34
793.88
836.04
860.67
852.41
975.28
972.61
999.45
996.85
975.23
1002.78
984.64
973.74
990.19
964.93
947.22
1004.65
954.37
936.42
919.13
926.9
898.66
916.3
890.07
861.49
847.11
818.35
829.7
831.17
769.92
742.12
757.36
837.32
840.61
818.95
862.27
876.82
865.82
792.45
799.03
805.01
839.22
808.82
862.18
854.9
822.33
841.98
846.42
887.63
878.58
815.7
822.35
838.74
875.85
863.14
785.75
817.06
850.85
867.92
935.32
932.59
932.42
924.49
993.34
963.99
947.27
974.58
1003.87
997.75
991.75
976.88
952.34
881.47
849.98
852.55
888.98
875
871.1
824.39
822.77
848.36
819.54
811.93
808.6
901.31
896.25
991.72
1039.28
1046.54
1075.7
1112.62
1130.03
1226.2
1199.98
1221.96
1199.22
1216.16
1233.13
1225.2
1276.02
1258.64
1220.58
1154.63
1164.89
1170.75
1104.85
1132.4
1115.28
1224.38
1206.71
1207.38
1188.94
1211.57
1286.77
1284.01
1266.78
1258.06
1315.41
1335.46
1347.45
1334.01
1328.63
1374.31
1472.13
1546.67
1570.99
1709.06
1818.61
1783.98
1876.71
1892.72
1775.31
1898.34
1767.58
1877.81
1914.23
1895.95
2158.04
2223.99
2304.69
2286.36
2291.57
2418.53
2572.07
2662.95
2596.28
1993.53
1833.55
1938.83
1958.22
2071.62
1988.06
2032.33
2031.12
2141.71
2128.73
2031.65
2112.91
2148.65
2114.51
2168.57
2342.32
2258.39
2293.62
2418.8
2480.15
2440.06
2660.66
2737.27
2692.82
2645.08
2706.27
2753.2
2590.54
2627.25
2707.21
2656.76
2876.66
2880.69
2905.2
2614.36
2452.48
2442.33
2559.65
2633.66
2736.39
2882.18
2913.86
2887.87
3027.5
2906.75
3024.82
3043.6
3016.77
3069.1
2894.68
3168.83
3223.39
3267.67
3235.47
3359.12
3396.88
3318.52
3393.78
3257.35
3271.66
3226.28
3305.16
3301.11
3310.03
3370.81
3435.11
3427.55
3527.43
3516.08
3539.47
3651.25
3555.12
3680.59
3683.95
3754.09
3978.36
3832.02
3635.96
3681.69
3758.37
3624.96
3764.5
3913.42
3843.18
3908.12
3739.22
3834.44
3843.86
4011.05
4157.69
4321.27
4465.14
4556.09
4708.47
4610.56
4789.08
4755.48
5074.49
5117.12
5395.3
5485.62
5587.14
5569.07
5643.17
5654.62
5528.91
5616.2
5882.16
6029.38
6521.7
6448.26
6813.08
6877.73
6583.47
7008.99
7331.04
7672.79
8222.61
7622.42
7945.25
7442.08
7823.12
7908.24
7906.5
8545.71
8799.8
9063.36
8899.95
8952.01
8883.29
7539.06
7842.62
8592.11
9116.55
9181.43
9358.82
9306.57
9786.16
10789.04
10559.75
10970.81
10655.15
10829.28
10336.96
10729.87
10877.81
11497.12
10940.54
10128.31
10921.93
10733.92
10522.34
10447.9
10521.98
11215.1
10650.92
10971.14
10414.49
10786.85
10887.36
10495.28
9878.78
10734.97
10911.94
10502.4
10522.81
9949.75
8847.56
9075.14
9851.56
10021.5
9920
10106.13
10403.94
9946.22
9925.25
9243.26
8736.59
8663.5
7591.93
8397.03
8896.09
8341.63
8053.81
7891.08
7992.13
8480.09
8850.26
8985.44
9233.8
9415.82
9275.06
9801.12
9782.46
10453.92
10488.07
10583.92
10357.7
10225.57
10188.45
10435.48
10139.71
10173.92
10080.27
10027.47
10428.02
10783.01
10489.94
10766.23
10503.76
10192.51
10467.48
10274.97
10640.91
10481.6
10568.7
10440.07
10805.87
10717.5
10864.86
10993.41
11109.32
11367.14
11168.31
11150.22
11185.68
11381.15
11679.07
12080.73
12221.93
12463.15
12621.69
12268.63
12354.35
13062.91
13627.64
13408.62
13211.99
13357.74
13895.63
13930.01
13371.72
13264.82
12650.36
12266.39
12262.89
12820.13
12638.32
11350.01
11378.02
11543.55
10850.66
9325.01
8829.04
8776.39
8000.86
7062.93
7608.92
8168.12
8500.33
8447
9171.61
9496.28
9712.28
9712.73
10344.84
10428.05
10067.33
10325.26
10856.63
11008.61
10136.63
9774.02
10465.94
10014.72
10788.05
11118.49
11006.02
11577.51
11891.93
12226.34
12319.73
12810.54
12569.79
12414.34
12143.24
11613.53
10913.38
11955.01
12045.68
12217.56
12632.91
12952.07
13212.04
13213.63
12393.45
12880.09
13008.68
13090.84
13437.13
13096.46
13025.58
13104.14
13860.58
14054.49
14578.54
14839.8
15115.57
14909.6
15499.54
14810.31
15129.67
15545.75
16086.41
16576.66
15698.85
16321.71
16457.66
16580.84
16717.17
16826.6
16563.3
17098.45
17042.9
17390.52
17828.24
17823.07
17164.95
18132.7
17776.12
17840.52
18010.68
17619.51
17689.86
16528.03
16284.7
17663.54
17719.92
17425.03
16466.3
16516.5
17685.09
17897.46
17930
18432
18400
18308
18142.5
19123.5
19762.6
19864
20812
20663
20940.5
21008.5
21349.6
21891.1
21813.6
