8.98
8.98
7.76
8.1
7.94
7.6
7.21
6.61
6.29
6.2
5.6
4.9
4.14
3.72
3.71
4.15
4.63
4.91
5.31
5.56
5.55
5.2
4.91
4.14
3.5
3.29
3.83
4.17
4.27
4.46
4.55
4.8
4.87
5.04
5.06
5.33
5.94
6.58
7.09
7.12
7.84
8.49
10.4
10.5
10.78
10.01
10.03
9.95
9.65
8.97
9.35
10.51
11.31
11.93
12.92
12.01
11.34
10.06
9.45
8.53
7.13
6.24
5.54
5.49
5.22
5.55
6.1
6.14
6.24
5.82
5.22
5.2
4.87
4.77
4.84
4.82
5.29
5.48
5.31
5.29
5.25
5.02
4.95
4.65
4.61
4.68
4.69
4.73
5.35
5.39
5.42
5.9
6.14
6.47
6.51
6.56
6.7
6.78
6.79
6.89
7.36
7.6
7.81
8.04
8.45
8.96
9.76
10.03
10.07
10.06
10.09
10.01
10.24
10.29
10.47
10.94
11.43
13.77
13.18
13.78
13.82
14.13
17.19
17.61
10.98
9.47
9.03
9.61
10.87
12.81
15.85
18.9
19.08
15.93
14.7
15.72
18.52
19.1
19.04
17.82
15.87
15.08
13.31
12.37
13.22
14.78
14.68
14.94
14.45
14.15
12.59
10.12
10.31
9.71
9.2
8.95
8.68
8.51
8.77
8.8
8.63
8.98
9.37
9.56
9.45
9.48
9.34
9.47
9.56
9.59
9.91
10.29
10.32
11.06
11.23
11.64
11.3
9.99
9.43
8.38
8.35
8.5
8.58
8.27
7.97
7.53
7.88
7.9
7.92
7.99
8.05
8.27
8.14
7.86
7.48
6.99
6.85
6.92
6.56
6.17
5.89
5.85
6.04
6.91
6.43
6.1
6.13
6.37
6.85
6.73
6.58
6.73
7.22
7.29
6.69
6.77
6.83
6.58
6.58
6.87
7.09
7.51
7.75
8.01
8.19
8.3
8.35
8.76
9.12
9.36
9.85
9.84
9.81
9.53
9.24
8.99
9.02
8.84
8.55
8.45
8.23
8.24
8.28
8.26
8.18
8.29
8.15
8.13
8.2
8.11
7.81
7.31
6.91
6.25
6.12
5.91
5.78
5.9
5.82
5.66
5.45
5.21
4.81
4.43
4.03
4.06
3.98
3.73
3.82
3.76
3.25
3.3
3.22
3.1
3.09
2.92
3.02
3.03
3.07
2.96
3
3.04
3.06
3.03
3.09
2.99
3.02
2.96
3.05
3.25
3.34
3.56
4.01
4.25
4.26
4.47
4.73
4.76
5.29
5.45
5.53
5.92
5.98
6.05
6.01
6
5.85
5.74
5.8
5.76
5.8
5.6
5.56
5.22
5.31
5.22
5.24
5.27
5.4
5.22
5.3
5.24
5.31
5.29
5.25
5.19
5.39
5.51
5.5
5.56
5.52
5.54
5.54
5.5
5.52
5.5
5.56
5.51
5.49
5.45
5.49
5.56
5.54
5.55
5.51
5.07
4.83
4.68
4.63
4.76
4.81
4.74
4.74
4.76
4.99
5.07
5.22
5.2
5.42
5.3
5.45
5.73
5.85
6.02
6.27
6.53
6.54
6.5
6.52
6.51
6.51
6.4
5.98
5.49
5.31
4.8
4.21
3.97
3.77
3.65
3.07
2.49
2.09
1.82
1.73
1.74
1.73
1.75
1.75
1.75
1.73
1.74
1.75
1.75
1.34
1.24
1.24
1.26
1.25
1.26
1.26
1.22
1.01
1.03
1.01
1.01
1
0.98
1
1.01
1
1
1
1.03
1.26
1.43
1.61
1.76
1.93
2.16
2.28
2.5
2.63
2.79
3
3.04
3.26
3.5
3.62
3.78
4
4.16
4.29
4.49
4.59
4.79
4.94
4.99
5.24
5.25
5.25
5.25
5.25
5.24
5.25
5.26
5.26
5.25
5.25
5.25
5.26
5.02
4.94
4.76
4.49
4.24
3.94
2.98
2.61
2.28
1.98
2
2.01
2
1.81
0.97
0.39
0.16
0.15
0.22
0.18
0.15
0.18
0.21
0.16
0.16
0.15
0.12
0.12
0.12
0.11
0.13
0.16
0.2
0.2
0.18
0.18
0.19
0.19
0.19
0.19
0.18
0.17
0.16
0.14
0.1
0.09
0.09
0.07
0.1
0.08
0.07
0.08
0.07
0.08
0.1
0.13
0.14
0.16
0.16
0.16
0.13
0.14
0.16
0.16
0.16
0.14
0.15
0.14
0.15
0.11
0.09
0.09
0.08
0.08
0.09
0.08
0.09
0.07
0.07
0.08
0.09
0.09
0.1
0.09
0.09
0.09
0.09
0.09
0.12
0.11
0.11
0.11
0.12
0.12
0.13
0.13
0.14
0.14
0.12
0.12
0.24
0.34
0.38
0.36
0.37
0.37
0.38
0.39
0.4
0.4
0.4
0.41
0.54
0.65
0.66
0.79
0.9
0.91
1.04
1.15
