34.98
35
35.3
35.85
35.5
35.51
35.29
35.77
36.24
37.4
37.6
37.38
38
38.79
38.8
39.6
40.8
40.2
42.48
41
42.48
42.4
43.55
43.62
46.95
48.4
48.38
49.5
59.3
64.1
68.9
66.8
64.1
64.42
63.6
64.7
66
85.3
90.25
90.7
114.5
123.5
115.2
104
100.25
97.25
100.25
112.25
133.25
169.5
173
168.5
156.5
146.75
154
155.25
147.5
166.4
182
187.5
176.25
181.75
177.75
167.4
167.75
166
166.4
161.5
138.25
143.4
138.25
140.25
128
132.3
129.5
128.15
125.25
123.8
112.4
103.05
116.1
122.3
130.1
134.55
132.1
142.25
149.8
146.5
143.2
142.95
144.5
146
153.9
160.8
159.8
165.6
175.2
182
180.75
170
184.9
183.2
198.9
207.3
217.45
243.65
193.7
224.5
233.05
250.9
239.65
243.45
277.15
276.45
295.35
317.75
397
379.75
417.2
524
668
640
503.25
519.25
531.4
662.5
618
633.75
670
636
621.5
589.5
507.5
490.25
514.25
481
478.75
421.5
405.25
425.5
426.5
429
415.5
400
388.25
363.25
320.5
356.75
325.5
314
342.5
409.6
394.75
422
428.25
448
503
419.75
414.25
428.5
439
416.75
422.25
414.5
404
383.5
405.75
381.5
371.9
396.6
388.5
376.2
383.45
375.25
341.6
347.7
344.15
334.5
328.6
309
304.9
290.5
329.8
324.65
313.15
316.5
328.1
335.75
326.5
325.75
327.4
327
354
338.25
345.5
344.75
343.35
345.5
357.75
386
421.2
401.5
390
390.9
407.3
405.75
419
454.5
451.75
447.1
464.25
455.9
459.15
468
493.9
486.5
465.25
423.75
458
449.75
454
436.85
432.7
426.35
396.15
412.3
421.3
410.15
394.85
386.75
382.3
381.3
363.5
371.15
369.1
359.6
369
376.05
406.8
401
417.55
409.1
372.2
371.55
363.7
352.4
371.1
388.1
406.1
379.25
384.8
391
369.6
363
354
353.45
361.55
366.9
363.6
347
350.5
357.4
366.85
353.4
354.15
353.05
341.5
336.25
337.55
343.4
357.95
340.5
349
338.8
333.7
332.9
330.75
328.75
336.9
353.45
381
379
403.7
370.6
352.65
369.1
370.8
390.65
378.2
380.75
389.7
376.45
386.25
385.4
384.05
386.25
395.35
387.4
383.35
382.5
375.85
375.7
386.55
389.5
384.25
387.6
383.35
381.65
383.75
382.4
387.85
386.7
403.2
400.35
396.7
390.15
390.55
381.3
385.5
387.25
379.3
379.3
371.9
369.55
345
360.6
349.5
340.45
345.75
334.05
326
325.4
328.75
310.4
296.9
289.2
301.8
296.55
299.9
310.7
292.4
295.75
289.4
273.4
294.1
293.1
295.75
287.45
285.65
286.8
279.8
285.85
271.05
261.2
256.75
254.6
303.75
298.85
292
290.85
283.05
294
275.9
275.85
272.25
289.15
277.4
274.95
274.1
263.8
267
272.65
266.2
265
259.05
263.45
266.1
269.9
265.55
275.35
290.85
280.95
274.7
276.5
281.5
296.55
303
309.35
327.25
319.05
305.5
312.4
322.4
316.35
318.25
342.75
370.35
347.65
335.35
336
365.8
345.15
355.75
371
384.5
384.6
398.1
417.25
401.3
392.25
423
387.3
393.85
393.75
389.6
408.1
412.35
426.2
452
438
423.8
436.55
427.5
433.2
416.9
436.8
427.15
433
473.4
472.65
493.8
513
569.8
556.5
584
638.25
654
600.4
637
621.75
601.75
600.9
638.4
635.7
645.75
677
663.5
678
656.6
648.5
666.75
668
737.75
783
794.75
836.5
923.75
969
937.25
867.75
879.5
932.75
912
836.5
897
728.5
813.5
865
918.5
943.75
918.5
889
972
941
936.5
950.75
1001.25
1044.5
1172
1104
1082.75
1112.5
1109.5
1175.25
1214
1240.5
1168
1233.5
1311
1336.75
1375
1410.25
1333.5
1409.75
1431
1531
1537
1508
1613.75
1826
1629
1718
1704
1574.5
1738
1788
1660.75
1662.5
1567.5
1569.5
1622.75
1657.75
1781
1718
1728.25
1664
1674.5
1591
1602.5
1472.75
1410.25
1203.25
1331.5
1392.75
1335.75
1333.75
1245.25
1201.5
1246.5
1327.75
1294
1292
1254
1313
1295
1285.75
1210
1173.25
1184.5
1199.25
1263.5
1205
1179.25
1204.3
1190.4
1175
1080.05
1125.5
1122.5
1147.75
1055.65
1062.25
1112.9
1234.15
1233.6
1274.5
1210.5
1317
1332.5
1314.45
1327.9
1274.2
1187.4
1159.1
1198.8
1251.9
1241.7
1265.55
1263.8
1243.25
1266.35
